[38;2;0;0;0m                                   [0m
[38;2;0;0;0m          [38;2;10;20;27m [38;2;29;56;76m,[38;2;43;87;117m:[38;2;57;114;153m:[38;2;66;132;178m;[38;2;73;146;197m;[38;2;75;150;202m;;;[38;2;72;145;195m;[38;2;65;131;176m;[38;2;55;111;149m:[38;2;42;86;115m:[38;2;25;52;69m,[38;2;7;15;20m [38;2;0;0;0m          [0m
[38;2;0;0;0m       [38;2;8;17;22m [38;2;38;76;102m,[38;2;67;133;179m;[38;2;81;162;218m;;;;;;;;;;;;;;;[38;2;63;126;169m;[38;2;34;68;91m,[38;2;5;10;13m [38;2;0;0;0m       [0m
[38;2;0;0;0m     [38;2;5;10;13m [38;2;49;98;132m:[38;2;79;159;213m;[38;2;81;162;218m;;;;;;;;;;;;;;;;;;;[38;2;78;155;209m;[38;2;43;86;115m:[38;2;2;5;7m [38;2;0;0;0m     [0m
[38;2;0;0;0m    [38;2;28;56;75m,[38;2;75;150;201m;[38;2;81;162;218m;;;;;;;;;;;[38;2;101;173;222m'[38;2;149;198;233mc[38;2;181;215;239mc[38;2;187;219;241mc[38;2;182;216;240mc[38;2;158;203;234mc[38;2;107;176;224m'[38;2;81;162;218m;;;;;[38;2;71;142;191m;[38;2;20;40;54m [38;2;0;0;0m    [0m
[38;2;0;0;0m   [38;2;34;68;91m,[38;2;81;162;218m;;;;;;;;;;;[38;2;83;163;218m;[38;2;180;215;239mc[38;2;253;254;255mMM[38;2;213;233;246mM[38;2;186;218;240mc[38;2;198;225;243mM[38;2;243;248;252mM[38;2;255;255;255mm[38;2;202;227;244mM[38;2;90;167;220m'[38;2;81;162;218m;;;;[38;2;80;161;215m;[38;2;24;49;66m,[38;2;0;0;0m   [0m
[38;2;0;0;0m  [38;2;12;30;39m [38;2;79;158;212m;[38;2;81;162;218m;;;;;;;;;;;[38;2;129;188;228m'[38;2;255;255;255mmm[38;2;150;199;233mc[38;2;81;162;218m;;;[38;2;97;170;221m'[38;2;255;255;255mmm[38;2;157;203;234mc[38;2;81;162;218m;;;;;[38;2;74;151;203m;[38;2;6;14;18m [38;2;0;0;0m  [0m
[38;2;0;0;0m  [38;2;51;103;138m:[38;2;81;162;218m;;;;;;;;;;;;[38;2;146;197;232mc[38;2;255;255;255mmm[38;2;131;189;229m'[38;2;81;162;218m;;;;[38;2;180;215;239mc[38;2;202;227;244mM[38;2;115;180;225m'[38;2;81;162;218m;;;;;;[38;2;40;79;107m,[38;2;0;0;0m  [0m
[38;2;0;0;0m  [38;2;69;139;187m;[38;2;81;162;218m;;;;;;;;[38;2;101;172;222m'[38;2;111;178;224m'[38;2;118;182;226m'[38;2;102;173;223m'[38;2;146;197;232mc[38;2;255;255;255mmm[38;2;157;203;234mc[38;2;118;182;226m'[38;2;115;180;225m'[38;2;86;165;219m'[38;2;81;162;218m;;;;;;;;;;[38;2;58;116;156m:[38;2;0;0;0m  [0m
[38;2;0;0;0m  [38;2;69;139;187m;[38;2;81;162;218m;;;;;[38;2;124;185;227m'[38;2;198;225;243mM[38;2;245;250;253mM[38;2;255;255;255mmmm[38;2;180;215;239mc[38;2;146;197;232mc[38;2;255;255;255mmmmmm[38;2;184;217;240mc[38;2;81;162;218m;;;;;;;;;;[38;2;58;116;156m:[38;2;0;0;0m  [0m
[38;2;0;0;0m  [38;2;69;139;187m;[38;2;81;162;218m;;;;[38;2;163;206;235mc[38;2;255;255;255mm[38;2;247;251;253mM[38;2;164;207;236mc[38;2;115;180;225m'[38;2;93;169;221m''[38;2;88;166;220m'[38;2;146;197;232mc[38;2;255;255;255mmm[38;2;140;193;230m'[38;2;93;169;221m'[38;2;86;165;219m'[38;2;81;162;218m;;;;;;;;;;;[38;2;37;74;100m,[38;2;0;0;0m  [0m
[38;2;0;0;0m  [38;2;69;139;187m;[38;2;81;162;218m;;;;[38;2;251;253;254mM[38;2;255;255;255mm[38;2;166;208;236mc[38;2;81;162;218m;;;;;[38;2;146;197;232mc[38;2;255;255;255mmm[38;2;131;189;229m'[38;2;81;162;218m;;;;;;;;;;;;[38;2;72;147;197m;[38;2;4;11;14m [38;2;0;0;0m  [0m
[38;2;0;0;0m  [38;2;69;139;187m;[38;2;81;162;218m;;;;[38;2;219;236;247mM[38;2;255;255;255mm[38;2;218;235;247mM[38;2;99;172;222m'[38;2;81;162;218m;;;[38;2;86;165;219m'[38;2;198;224;243mc[38;2;255;255;255mm[38;2;241;247;252mM[38;2;90;167;220m'[38;2;81;162;218m;;;;;;;;;;;[38;2;79;157;212m;[38;2;21;42;57m,[38;2;0;0;0m   [0m
[38;2;0;0;0m  [38;2;69;139;187m;[38;2;81;162;218m;;;;[38;2;94;169;221m'[38;2;187;219;241mc[38;2;251;253;254mM[38;2;250;252;254mM[38;2;217;235;247mM[38;2;197;224;243mc[38;2;210;231;245mM[38;2;245;250;253mM[38;2;254;254;255mM[38;2;205;228;244mM[38;2;106;175;223m'[38;2;81;162;218m;;;;;;;;;;;[38;2;68;134;180m;[38;2;16;32;44m [38;2;0;0;0m    [0m
[38;2;0;0;0m  [38;2;69;139;187m;[38;2;81;162;218m;;;;;;[38;2;95;169;221m'[38;2;140;193;230m'[38;2;164;207;236mc[38;2;180;215;239mc[38;2;170;209;237mc[38;2;147;197;232mc[38;2;103;174;223m'[38;2;81;162;218m;;;;;;;;;;;[38;2;74;149;200m;[38;2;37;74;99m,[38;2;1;2;2m [38;2;0;0;0m     [0m
[38;2;0;0;0m  [38;2;61;122;165m:[38;2;81;162;218m;;;;;;;;;;;;;;;;;;;;;[38;2;79;159;214m;[38;2;57;114;154m:[38;2;29;56;75m,[38;2;3;5;7m [38;2;0;0;0m       [0m
[38;2;0;0;0m  [38;2;5;10;14m [38;2;42;84;113m:[38;2;65;131;176m;[38;2;69;139;187m;;;;;;;;;;;;;;[38;2;66;133;179m;[38;2;60;119;160m:[38;2;50;99;133m:[38;2;35;71;95m,[38;2;20;39;54m [38;2;3;6;9m [38;2;0;0;0m          [0m
[38;2;0;0;0m                                   [0m